# xyscan Version 3.3.0
# Date: Sun May 11 22:27:45 2014
# Scanned by: caoshanshan
# Source: /Users/caoshanshan/Experimental Data/ALICE/ALICE-new-v2.jpg
# Comment: 
# Format: x y -dx +dx -dy +dy
2.4764	0.164384	0	0	0.0584475	0.0584475	
2.4764	0.164384	0	0	0.0648402	0.0648402	
3.4775	0.190868	0	0	0.0283105	0.0283105	
3.4775	0.190868	0	0	0.052968	0.052968	
4.88255	0.230137	0	0	0.0246575	0.0246575	
4.88255	0.230137	0	0	0.0438356	0.0438356	
6.95499	0.147032	0	0	0.0347032	0.0347032	
6.95499	0.147032	0	0	0.0575342	0.0575342	
9.7124	0.265753	0	0	0.0429224	0.0429224	
9.7124	0.265753	0	0	0.0630137	0.0630137	
13.4709	0.0146119	0	0	0.105936	0.105936	
13.4709	0.0146119	0	0	0.0995434	0.0995434	
# EoF
